25.7526 суток
230 321.5
230.271 326.38
230.814 331.252
231.627 336.109
232.71 340.943
234.059 345.747
235.671 350.513
237.542 355.232
239.665 359.896
242.033 364.497
244.639 369.026
247.473 373.474
250.526 377.833
253.785 382.094
257.239 386.247
260.877 390.283
264.684 394.195
268.648 397.974
272.756 401.61
276.994 405.098
281.349 408.43
285.809 411.598
290.36 414.598
294.992 417.425
299.693 420.073
304.45 422.539
309.255 424.821
314.097 426.917
318.966 428.824
323.854 430.543
328.752 432.074
333.653 433.417
338.549 434.573
343.433 435.544
348.3 436.332
353.142 436.94
357.954 437.369
362.731 437.625
367.469 437.709
372.162 437.626
376.806 437.378
381.398 436.971
385.934 436.407
390.411 435.692
394.825 434.828
399.173 433.821
403.454 432.675
407.664 431.394
411.801 429.981
415.862 428.443
419.847 426.782
423.754 425.003
427.58 423.111
431.324 421.109
434.985 419.003
438.562 416.795
442.053 414.491
445.458 412.093
448.776 409.608
452.006 407.038
455.147 404.387
458.199 401.659
461.161 398.859
464.033 395.99
466.816 393.055
469.507 390.059
472.108 387.005
474.619 383.897
477.039 380.737
479.369 377.531
481.608 374.28
483.757 370.989
485.817 367.659
487.787 364.296
489.669 360.901
491.462 357.478
493.167 354.029
494.784 350.558
496.315 347.067
497.76 343.558
499.119 340.035
500.393 336.5
501.583 332.956
502.69 329.404
503.714 325.848
504.657 322.288
505.518 318.729
506.3 315.171
507.003 311.616
507.627 308.068
508.174 304.526
508.644 300.994
509.039 297.473
509.359 293.965
509.605 290.472
509.778 286.994
509.88 283.534
509.911 280.093
509.871 276.672
509.763 273.273
509.586 269.897
509.342 266.545
509.032 263.219
508.657 259.92
508.217 256.649
507.713 253.406
507.147 250.194
506.519 247.012
505.83 243.863
505.081 240.746
504.272 237.664
503.406 234.616
502.482 231.604
501.502 228.628
500.465 225.689
499.374 222.789
498.229 219.927
497.03 217.104
495.779 214.322
494.477 211.581
493.123 208.881
491.719 206.223
490.266 203.608
488.764 201.037
487.214 198.509
485.617 196.026
483.974 193.588
482.285 191.196
480.551 188.851
478.773 186.552
476.951 184.3
475.086 182.096
473.179 179.941
471.231 177.835
469.241 175.778
467.212 173.771
465.143 171.814
463.035 169.908
460.889 168.054
458.706 166.252
456.485 164.502
454.229 162.804
451.936 161.16
449.609 159.57
447.248 158.034
444.852 156.553
442.424 155.127
439.963 153.757
437.471 152.443
434.947 151.186
432.393 149.985
429.809 148.843
427.196 147.759
424.554 146.733
421.884 145.766
419.187 144.859
416.463 144.013
413.714 143.227
410.939 142.502
408.139 141.839
405.315 141.238
402.469 140.7
399.599 140.225
396.708 139.815
393.796 139.468
390.863 139.187
387.911 138.971
384.94 138.822
381.95 138.739
378.944 138.724
375.921 138.776
372.882 138.897
369.829 139.087
366.762 139.347
363.681 139.678
360.589 140.079
357.486 140.552
354.372 141.097
351.249 141.716
348.119 142.407
344.981 143.173
341.838 144.014
338.689 144.931
335.538 145.923
332.384 146.993
329.229 148.14
326.075 149.365
322.922 150.668
319.772 152.052
316.628 153.515
313.49 155.059
310.359 156.684
307.239 158.391
304.129 160.18
301.034 162.053
297.953 164.009
294.89 166.049
291.846 168.173
288.824 170.382
285.826 172.677
282.855 175.057
279.912 177.523
277.001 180.076
274.125 182.715
271.286 185.44
268.487 188.252
265.732 191.151
263.025 194.136
260.368 197.208
257.765 200.365
255.22 203.609
252.738 206.937
250.322 210.35
247.977 213.847
245.707 217.427
243.518 221.09
241.415 224.833
239.402 228.655
237.486 232.557
235.673 236.534
233.967 240.587
232.376 244.713
230.906 248.909
229.565 253.174
228.358 257.506
227.294 261.9
226.38 266.356
225.625 270.868
225.036 275.435
224.622 280.053
224.392 284.717
224.355 289.424
224.521 294.169
224.899 298.948
225.499 303.756
226.331 308.587
227.405 313.435
228.732 318.296
230.322 323.161
232.185 328.023
234.331 332.875
236.767 337.707
239.504 342.511
242.546 347.276
245.897 351.991
249.561 356.642
253.535 361.215
257.814 365.696
262.389 370.067
267.245 374.31
272.364 378.406
277.725 382.334
283.302 386.072
289.07 389.599
295.001 392.894
301.067 395.938
307.243 398.712
313.502 401.201
319.819 403.392
326.173 405.277
332.54 406.849
338.903 408.106
345.241 409.048
351.538 409.68
357.78 410.008
363.953 410.039
370.044 409.785
376.043 409.256
381.941 408.465
387.73 407.426
393.405 406.152
398.959 404.657
404.389 402.956
409.69 401.062
414.862 398.989
419.902 396.75
424.809 394.359
429.583 391.827
434.225 389.167
438.735 386.39
443.114 383.506
447.365 380.525
451.488 377.458
455.486 374.312
459.361 371.096
463.116 367.818
466.753 364.485
470.275 361.103
473.684 357.679
476.984 354.217
480.177 350.725
483.266 347.205
486.253 343.663
489.142 340.102
491.935 336.526
494.634 332.94
497.243 329.345
499.763 325.744
502.198 322.141
504.55 318.538
506.82 314.936
509.012 311.338
511.128 307.745
513.169 304.16
515.138 300.584
517.036 297.017
518.866 293.462
520.63 289.919
522.329 286.39
523.965 282.875
525.54 279.375
527.056 275.891
528.513 272.424
529.914 268.975
531.259 265.543
532.551 262.129
533.791 258.735
534.979 255.359
536.118 252.004
537.209 248.668
538.252 245.352
539.249 242.057
540.2 238.783
541.108 235.53
541.973 232.297
542.795 229.087
543.577 225.897
544.318 222.729
545.02 219.583
545.683 216.458
546.31 213.355
546.899 210.274
547.452 207.215
547.97 204.177
548.454 201.162
548.904 198.169
549.32 195.197
549.704 192.247
550.057 189.32
550.378 186.414
550.669 183.53
550.93 180.668
551.161 177.828
551.364 175.009
551.538 172.213
551.685 169.438
551.804 166.684
551.896 163.952
551.963 161.242
552.003 158.553
552.018 155.886
552.008 153.24
551.974 150.615
551.915 148.011
551.833 145.429
551.728 142.868
551.6 140.327
551.449 137.808
551.276 135.31
551.081 132.832
550.865 130.375
550.628 127.939
550.37 125.524
550.092 123.129
549.793 120.754
549.475 118.4
549.137 116.066
548.78 113.753
548.404 111.46
548.01 109.187
547.597 106.934
547.166 104.701
546.717 102.488
546.25 100.295
545.766 98.1216
545.265 95.9681
544.748 93.8343
544.213 91.7201
543.662 89.6256
543.095 87.5505
542.513 85.4949
541.914 83.4587
541.3 81.4419
540.67 79.4443
540.026 77.466
539.366 75.5068
538.692 73.5668
538.003 71.6458
537.3 69.7438
536.583 67.8608
535.851 65.9967
535.106 64.1515
534.348 62.3251
533.576 60.5175
532.79 58.7285
531.992 56.9583
531.18 55.2067
530.356 53.4736
529.519 51.7591
528.669 50.0631
527.807 48.3855
526.933 46.7264
526.047 45.0856
525.149 43.4632
524.239 41.8591
523.318 40.2732
522.385 38.7055
521.441 37.156
520.485 35.6247
519.519 34.1115
518.541 32.6164
517.552 31.1394
516.553 29.6803
515.543 28.2393
514.523 26.8162
513.492 25.4111
512.451 24.0238
511.4 22.6545
510.339 21.303
509.268 19.9693
508.187 18.6535
507.096 17.3554
505.996 16.0751
504.886 14.8126
503.767 13.5677
502.639 12.3406
501.501 11.1311
500.355 9.93935
499.199 8.76521
498.035 7.6087
496.861 6.46981
495.679 5.34852
494.489 4.24483
493.29 3.1587
492.082 2.09014
490.866 1.03914
489.642 0.00567576
488.41 -1.01025
487.17 -2.00866
485.922 -2.98955
484.665 -3.95293
483.401 -4.8988
482.13 -5.82718
480.851 -6.73806
479.564 -7.63145
478.269 -8.50736
476.968 -9.36577
475.659 -10.2067
474.343 -11.0302
473.019 -11.8361
471.689 -12.6246
470.351 -13.3956
469.007 -14.1491
467.656 -14.8851
466.298 -15.6036
464.933 -16.3046
463.562 -16.9881
462.184 -17.6541
460.8 -18.3025
459.41 -18.9334
458.013 -19.5468
456.61 -20.1426
455.2 -20.7208
453.785 -21.2815
452.363 -21.8246
450.936 -22.35
449.503 -22.8579
448.064 -23.3481
446.619 -23.8206
445.168 -24.2755
443.712 -24.7127
442.251 -25.1322
440.783 -25.534
439.311 -25.918
437.833 -26.2842
436.35 -26.6327
434.862 -26.9633
433.368 -27.2761
431.87 -27.571
430.366 -27.848
428.858 -28.1071
427.345 -28.3483
425.827 -28.5715
424.304 -28.7767
422.777 -28.9638
421.245 -29.1329
419.708 -29.2838
418.167 -29.4167
416.622 -29.5313
415.073 -29.6278
413.519 -29.706
411.961 -29.7659
410.399 -29.8075
408.832 -29.8308
407.262 -29.8356
405.688 -29.822
404.11 -29.79
402.529 -29.7394
400.943 -29.6702
399.354 -29.5824
397.762 -29.4759
396.166 -29.3507
394.566 -29.2068
392.964 -29.044
391.358 -28.8623
389.748 -28.6618
388.136 -28.4423
386.521 -28.2037
384.902 -27.9461
383.281 -27.6693
381.657 -27.3733
380.03 -27.0581
378.4 -26.7235
376.768 -26.3695
375.133 -25.9961
373.496 -25.6032
371.856 -25.1907
370.214 -24.7586
368.57 -24.3067
366.924 -23.8351
365.275 -23.3436
363.625 -22.8322
361.973 -22.3008
360.319 -21.7493
358.663 -21.1776
357.005 -20.5857
355.346 -19.9735
353.686 -19.3409
352.024 -18.6878
350.361 -18.0141
348.696 -17.3198
347.031 -16.6048
345.364 -15.8689
343.697 -15.1121
342.028 -14.3343
340.359 -13.5353
338.689 -12.7152
337.019 -11.8738
335.348 -11.011
333.677 -10.1266
332.006 -9.22071
330.335 -8.29306
328.663 -7.3436
326.992 -6.37221
325.321 -5.37877
323.65 -4.36319
321.98 -3.32534
320.31 -2.26511
318.641 -1.18238
316.972 -0.0770187
315.305 1.05109
313.638 2.20206
311.973 3.37604
310.309 4.57315
308.647 5.79352
306.986 7.03728
305.327 8.30458
303.669 9.59555
302.014 10.9103
300.361 12.2491
298.71 13.6119
297.062 14.999
295.416 16.4106
293.773 17.8466
292.133 19.3074
290.496 20.7931
288.863 22.3038
287.233 23.8397
285.606 25.401
283.984 26.9879
282.366 28.6004
280.751 30.2389
279.142 31.9035
277.537 33.5943
275.937 35.3115
274.342 37.0554
272.752 38.8262
271.168 40.624
269.59 42.449
268.018 44.3014
266.452 46.1815
264.892 48.0894
263.34 50.0254
261.795 51.9897
260.257 53.9825
258.727 56.004
257.204 58.0545
255.691 60.1342
254.185 62.2433
252.689 64.3821
251.202 66.5508
249.725 68.7496
248.258 70.9789
246.801 73.2389
245.355 75.5298
243.92 77.8519
242.497 80.2054
241.086 82.5907
239.687 85.0081
238.302 87.4577
236.93 89.9399
235.571 92.455
234.228 95.0033
232.899 97.5851
231.586 100.201
230.289 102.85
229.009 105.534
227.746 108.253
226.501 111.007
225.275 113.796
224.068 116.62
222.881 119.481
221.715 122.378
220.571 125.312
219.449 128.283
218.351 131.291
217.277 134.336
216.228 137.42
215.206 140.542
214.21 143.703
213.243 146.903
212.305 150.142
211.398 153.421
210.523 156.74
209.68 160.1
208.873 163.5
208.101 166.941
207.366 170.424
206.671 173.949
206.016 177.515
205.403 181.124
204.835 184.776
204.313 188.47
203.839 192.208
203.415 195.988
203.045 199.813
202.729 203.681
202.471 207.594
202.273 211.55
202.138 215.55
202.07 219.595
202.071 223.684
202.146 227.817
202.297 231.995
202.529 236.216
202.846 240.481
203.252 244.789
203.753 249.14
204.353 253.534
205.058 257.969
205.875 262.445
206.809 266.961
207.868 271.517
209.059 276.109
210.391 280.738
211.872 285.401
213.511 290.095
215.321 294.82
217.311 299.571
219.495 304.346
221.886 309.14
224.498 313.95
227.349 318.769
230.454 323.593
233.833 328.413
237.505 333.222
241.491 338.009
245.811 342.763
250.485 347.469
255.529 352.112
260.956 356.672
266.767 361.124
272.958 365.44
279.506 369.587
286.379 373.527
293.532 377.217
300.916 380.611
308.48 383.663
316.174 386.328
323.952 388.568
331.768 390.354
339.58 391.668
347.351 392.505
355.045 392.87
362.633 392.779
370.089 392.254
377.392 391.327
384.527 390.028
391.482 388.394
398.251 386.459
404.83 384.257
411.219 381.82
417.418 379.178
423.432 376.359
429.265 373.387
434.922 370.284
440.412 367.07
445.739 363.762
450.911 360.374
455.936 356.92
460.82 353.412
465.569 349.859
470.191 346.269
474.691 342.65
479.075 339.009
483.35 335.35
487.519 331.679
491.59 327.999
495.565 324.314
499.451 320.628
503.25 316.942
506.967 313.258
510.605 309.58
514.169 305.907
517.661 302.243
521.084 298.587
524.442 294.941
527.736 291.306
530.971 287.682
534.147 284.071
537.268 280.472
540.335 276.886
543.351 273.314
546.317 269.755
549.236 266.211
552.108 262.68
554.936 259.163
557.722 255.661
560.465 252.174
563.169 248.7
565.835 245.241
568.463 241.797
571.054 238.367
573.611 234.951
576.134 231.549
578.623 228.162
581.081 224.789
583.508 221.43
585.905 218.084
588.272 214.753
590.611 211.435
592.922 208.131
595.207 204.84
597.465 201.563
599.698 198.299
601.906 195.048
604.09 191.809
606.25 188.584
608.387 185.371
610.502 182.171
612.595 178.984
614.666 175.808
616.717 172.645
618.748 169.494
620.758 166.354
622.749 163.227
624.721 160.111
626.675 157.006
628.61 153.913
630.528 150.831
632.428 147.761
634.311 144.701
636.178 141.652
638.028 138.614
639.862 135.587
641.681 132.57
643.484 129.563
645.272 126.567
647.045 123.581
648.804 120.605
650.548 117.639
652.279 114.683
653.996 111.737
655.699 108.8
657.389 105.873
659.066 102.956
660.731 100.047
662.383 97.1481
664.023 94.2582
665.65 91.3774
667.266 88.5055
668.87 85.6425
670.463 82.7883
672.044 79.9427
673.614 77.1058
675.174 74.2774
676.722 71.4575
678.26 68.6459
679.788 65.8425
681.305 63.0474
682.812 60.2604
684.31 57.4814
685.797 54.7103
687.275 51.9472
688.743 49.1918
690.202 46.4442
691.652 43.7042
693.093 40.9718
694.525 38.2469
695.948 35.5295
697.362 32.8194
698.767 30.1167
700.165 27.4212
701.553 24.7329
702.934 22.0517
704.307 19.3775
705.671 16.7103
707.028 14.0501
708.376 11.3967
709.718 8.75014
711.051 6.11031
712.377 3.47717
713.696 0.850666
715.007 -1.76927
716.311 -4.38268
717.608 -6.98962
718.898 -9.59016
720.181 -12.1843
721.457 -14.7722
722.726 -17.3538
723.989 -19.9293
725.245 -22.4985
726.495 -25.0617
727.738 -27.6188
728.974 -30.1699
730.204 -32.7151
731.429 -35.2543
732.646 -37.7877
733.858 -40.3152
735.064 -42.837
736.264 -45.3531
737.458 -47.8634
738.646 -50.3682
739.828 -52.8673
741.005 -55.3609
742.176 -57.8489
743.341 -60.3315
744.501 -62.8087
745.655 -65.2805
746.804 -67.7469
747.948 -70.208
749.086 -72.6638
750.22 -75.1144
751.348 -77.5597
752.47 -80
753.588 -82.435
754.701 -84.865
755.809 -87.29
756.911 -89.7099
758.009 -92.1249
759.102 -94.5349
760.191 -96.9399
761.274 -99.3401
762.353 -101.735
763.427 -104.126
764.497 -106.512
765.562 -108.893
766.623 -111.269
767.679 -113.641
768.731 -116.008
769.778 -118.37
770.821 -120.728
771.859 -123.081
772.894 -125.429
773.924 -127.773
774.95 -130.113
775.972 -132.448
776.989 -134.779
778.003 -137.105
779.012 -139.427
780.018 -141.745
781.02 -144.058
782.017 -146.367
783.011 -148.672
784.001 -150.973
784.987 -153.269
785.969 -155.561
786.947 -157.849
787.922 -160.133
788.893 -162.413
789.86 -164.689
790.824 -166.96
791.784 -169.228
792.74 -171.491
793.693 -173.751
794.642 -176.007
795.588 -178.258
796.531 -180.506
797.469 -182.75
798.405 -184.99
799.337 -187.226
800.266 -189.459
801.191 -191.687
802.113 -193.912
803.032 -196.133
803.947 -198.35
804.86 -200.564
805.769 -202.774
806.675 -204.98
807.577 -207.182
808.477 -209.381
809.373 -211.576
810.267 -213.768
811.157 -215.956
812.044 -218.14
812.928 -220.321
813.81 -222.499
814.688 -224.672
815.563 -226.843
816.435 -229.01
817.305 -231.173
818.171 -233.333
819.035 -235.49
819.895 -237.643
820.753 -239.793
821.608 -241.94
822.461 -244.083
823.31 -246.222
824.157 -248.359
825.001 -250.492
825.842 -252.622
826.681 -254.749
827.517 -256.872
828.35 -258.992
829.181 -261.109
830.009 -263.223
830.834 -265.334
831.657 -267.441
832.477 -269.545
833.295 -271.646
834.11 -273.744
834.922 -275.839
835.732 -277.931
836.54 -280.02
837.345 -282.105
838.148 -284.188
838.948 -286.268
839.745 -288.344
840.541 -290.418
841.334 -292.488
842.124 -294.556
842.912 -296.62
843.698 -298.682
844.482 -300.741
845.263 -302.797
846.042 -304.85
846.818 -306.9
847.592 -308.947
848.364 -310.991
849.134 -313.032
849.902 -315.071
850.667 -317.107
851.43 -319.139
852.191 -321.17
852.949 -323.197
853.706 -325.221
854.46 -327.243
855.212 -329.262
855.962 -331.278
856.71 -333.292
857.456 -335.303
858.2 -337.311
858.942 -339.316
859.681 -341.319
860.419 -343.319
861.154 -345.316
861.887 -347.311
862.619 -349.303
863.348 -351.292
864.075 -353.279
864.801 -355.263
865.524 -357.245
866.245 -359.224
866.965 -361.2
867.682 -363.174
868.398 -365.145
869.111 -367.114
869.823 -369.08
870.533 -371.044
871.241 -373.005
871.947 -374.964
872.651 -376.92
873.353 -378.873
874.054 -380.825
874.752 -382.773
875.449 -384.72
876.144 -386.663
876.837 -388.605
877.528 -390.544
878.218 -392.48
878.905 -394.415
879.591 -396.346
880.275 -398.276
880.958 -400.203
881.638 -402.127
882.317 -404.05
882.994 -405.969
883.67 -407.887
884.344 -409.802
885.016 -411.715
885.686 -413.626
886.354 -415.534
887.021 -417.44
887.687 -419.344
888.35 -421.245
889.012 -423.144
889.672 -425.041
890.331 -426.936
890.988 -428.828
891.644 -430.718
892.297 -432.606
892.949 -434.492
893.6 -436.375
894.249 -438.256
894.896 -440.135
895.542 -442.012
896.187 -443.887
896.829 -445.759
897.47 -447.63
898.11 -449.498
898.748 -451.364
899.385 -453.228
900.02 -455.09
900.653 -456.949
901.285 -458.807
901.916 -460.662
902.544 -462.515
903.172 -464.366
903.798 -466.215
904.423 -468.062
905.046 -469.907
905.667 -471.75
906.287 -473.591
906.906 -475.43
907.523 -477.266
908.139 -479.101
908.753 -480.933
909.366 -482.764
909.978 -484.592
910.588 -486.419
911.197 -488.243
911.804 -490.066
912.41 -491.886
913.015 -493.705
913.618 -495.521
914.22 -497.336
914.82 -499.149
915.419 -500.959
916.017 -502.768
916.614 -504.575
917.209 -506.379
917.802 -508.182
918.395 -509.983
918.986 -511.782
919.575 -513.579
920.164 -515.374
920.751 -517.167
921.337 -518.959
921.921 -520.748
922.505 -522.536
923.087 -524.321
923.667 -526.105
924.247 -527.887
924.825 -529.667
925.402 -531.445
925.977 -533.222
926.552 -534.996
927.125 -536.769
927.697 -538.54
928.267 -540.309
928.837 -542.076
929.405 -543.841
929.972 -545.605
930.537 -547.367
931.102 -549.127
931.665 -550.885
932.227 -552.641
932.788 -554.396
933.348 -556.148
933.906 -557.899
934.464 -559.649
935.02 -561.396
935.575 -563.142
936.129 -564.886
936.681 -566.628
937.233 -568.368
937.783 -570.107
938.332 -571.844
938.88 -573.579
939.427 -575.313
939.973 -577.045
940.518 -578.775
941.061 -580.503
941.603 -582.23
942.145 -583.955
942.685 -585.678
943.224 -587.4
943.762 -589.12
944.299 -590.838
944.834 -592.555
945.369 -594.27
945.902 -595.983
946.435 -597.695
946.966 -599.405
947.496 -601.113
948.026 -602.82
948.554 -604.525
949.081 -606.228
949.607 -607.93
950.132 -609.63
950.656 -611.329
951.179 -613.025
951.7 -614.721
952.221 -616.414
952.741 -618.107
953.26 -619.797
953.777 -621.486
954.294 -623.173
954.809 -624.859
955.324 -626.543
955.838 -628.226
956.35 -629.907
956.862 -631.586
957.372 -633.264
957.882 -634.94
958.39 -636.615
958.898 -638.288
959.404 -639.96
959.91 -641.63
960.415 -643.298
960.918 -644.965
961.421 -646.631
961.922 -648.295
962.423 -649.957
962.923 -651.618
963.422 -653.277
963.919 -654.935
964.416 -656.592
964.912 -658.247
965.407 -659.9
965.901 -661.552
966.394 -663.202
966.886 -664.851
967.378 -666.499
967.868 -668.144
968.357 -669.789
968.845 -671.432
969.333 -673.073
969.819 -674.714
970.305 -676.352
970.79 -677.989
971.274 -679.625
971.757 -681.259
972.238 -682.892
972.72 -684.523
973.2 -686.153
973.679 -687.782
974.157 -689.409
974.635 -691.034
975.112 -692.659
975.587 -694.281
976.062 -695.903
976.536 -697.523
977.009 -699.141
977.482 -700.758
977.953 -702.374
978.423 -703.988
978.893 -705.601
979.362 -707.213
979.83 -708.823
980.297 -710.432
980.763 -712.039
981.228 -713.645
981.693 -715.25
982.156 -716.853
982.619 -718.455
983.081 -720.055
983.542 -721.655
984.003 -723.252
984.462 -724.849
984.921 -726.444
985.379 -728.038
985.836 -729.63
986.292 -731.221
986.747 -732.811
987.202 -734.399
987.656 -735.986
988.108 -737.572
988.561 -739.156
989.012 -740.739
989.462 -742.321
989.912 -743.901
990.361 -745.48
990.809 -747.058
991.256 -748.635
991.703 -750.21
992.149 -751.784
992.594 -753.356
993.038 -754.928
993.481 -756.498
993.924 -758.066
994.366 -759.634
994.807 -761.2
995.247 -762.765
995.687 -764.328
996.125 -765.89
996.563 -767.451
997.001 -769.011
997.437 -770.57
997.873 -772.127
998.308 -773.683
998.742 -775.237
999.175 -776.791
999.608 -778.343
1000.04 -779.894
1000.47 -781.444
1000.9 -782.992
1001.33 -784.539
1001.76 -786.085
1002.19 -787.63
1002.62 -789.173
1003.04 -790.716
1003.47 -792.257
1003.89 -793.796
1004.32 -795.335
1004.74 -796.872
1005.17 -798.409
1005.59 -799.943
1006.01 -801.477
1006.43 -803.01
1006.85 -804.541
1007.27 -806.071
1007.69 -807.6
1008.11 -809.128
1008.53 -810.654
1008.94 -812.179
1009.36 -813.703
1009.77 -815.226
1010.19 -816.748
1010.6 -818.269
1011.02 -819.788
1011.43 -821.306
1011.84 -822.823
1012.25 -824.339
1012.66 -825.854
1013.07 -827.367
1013.48 -828.879
1013.89 -830.39
1014.3 -831.9
1014.7 -833.409
1015.11 -834.917
1015.52 -836.423
1015.92 -837.929
1016.33 -839.433
1016.73 -840.936
1017.13 -842.438
1017.54 -843.939
1017.94 -845.438
1018.34 -846.937
1018.74 -848.434
1019.14 -849.931
1019.54 -851.426
1019.94 -852.92
1020.34 -854.413
1020.73 -855.904
1021.13 -857.395
1021.53 -858.884
1021.92 -860.373
1022.32 -861.86
1022.71 -863.346
1023.1 -864.831
1023.5 -866.315
1023.89 -867.798
1024.28 -869.28
1024.67 -870.76
1025.06 -872.24
1025.45 -873.718
1025.84 -875.195
1026.23 -876.672
1026.61 -878.147
1027 -879.621
1027.39 -881.094
1027.77 -882.566
1028.16 -884.036
1028.54 -885.506
1028.93 -886.975
1029.31 -888.442
1029.69 -889.909
1030.08 -891.374
